&mbp_PART_NML
 X_INIT= 0.10189595862823750     ,
 Y_INIT=  9.8104041371762180E-002,
 Z_INIT=  9.1557912154169932E-002,
 VX_INIT=  5040.4828083987477     ,
 VY_INIT= -3040.4828083987641     ,
 VZ_INIT=  1817.2855543963915     ,
 NUM_ELECS=          0,
 NUM_PROTS=          2,
 NUM_NEUTS=          2,
 /
