&NLSTATE
 ELEM_RAD=  1.0000000000000000     ,
 ELEM_MASS=  1.0000000000000000     ,
 ELEM_THETA=  3.0000000000000000     ,
 ELEM_THETA_DOT= -0.0000000000000000     ,
 /
