&NLSTATE
 ELEM_RAD=  1.0000000000000000     ,  2.0000000000000000     ,
 ELEM_MASS=  10.000000000000000     ,  20.000000000000000     ,
 ELEM_THETA=-0.24803827104356432     ,  4.2726505954889929E-002,
 ELEM_OMEGA= 0.51373060240269774     , 0.86186269978451469     ,
 /
