&NLSTATE
 ELEM_RAD=  1.0000000000000000     ,  2.0000000000000000     ,
 ELEM_MASS=  10.000000000000000     ,  20.000000000000000     ,
 ELEM_THETA= -2.0067303375154246     ,-0.29414450587330448     ,
 ELEM_OMEGA=  3.5898530767992294     , 0.77841191138208310     ,
 /
