&NLSTATE
 ELEM_RAD=  1.0000000000000000     ,  2.0000000000000000     ,
 ELEM_MASS=  10.000000000000000     ,  0.0000000000000000     ,
 ELEM_THETA= 0.93746761444169957     , -1.1280028054292488     ,
 ELEM_OMEGA=  3.4070166640137116     ,  1.9381316605382137     ,
 /
